63 62 
147 146 41 
196 148 130 139 129 
141 188 
43 187 
97 105 104 103 100 
98 102 101 99 52 
50 51 53 86 85 
135 4 5 150 6 
57 58 133 132 131 
65 46 49 48 47 
3 149 161 40 39 
143 87 184 183 42 
136 83 82 81 80 
44 70 75 84 174 
155 181 182 162 180 
17 23 22 21 20 
13 18 38 36 169 
14 16 15 28 37 
19 32 35 34 168 
24 33 31 30 29 
26 27 25 171 179 
61 60 167 166 170 
151 178 165 164 163 
152 157 160 159 158 
153 156 9 64 197 
172 199 198 78 76 
68 69 67 56 55 
45 12 11 77 95 
59 107 91 2 1 
175 142 128 
176 177 54 66 
140 186 191 189 190 
94 96 73 72 
185 201 200 204 203 
8 145 137 93 
10 138 144 92 
202 71 
7 134 126 
74 173 
79 193 192 154 125 
106 195 194 119 123 
108 115 121 124 122 
109 120 118 117 116 
110 113 114 
111 
112 
88 127 90 
89 
