64 63 144 88 186 
148 147 42 58 59 
197 149 131 140 130 
142 189 188 141 187 
44 192 190 191 110 
98 106 105 104 101 
99 103 102 100 53 
51 52 54 87 86 
136 5 6 7 84 
151 137 83 82 56 
66 47 50 49 48 
133 134 132 4 150 
45 71 76 85 175 
156 182 183 163 178 
162 41 40 24 23 
184 185 43 176 143 
18 22 21 28 39 
14 19 32 38 37 
15 17 16 29 36 
20 33 35 170 172 
25 34 31 30 27 
26 169 171 179 181 
62 61 161 166 
152 180 154 165 164 
153 158 160 159 157 
167 168 10 
81 57 177 55 
173 200 199 79 108 
69 70 68 74 73 
46 13 12 77 78 
60 92 96 97 127 
65 198 146 
95 2 3 193 
9 138 
11 139 145 
129 93 
203 205 204 
8 135 126 194 
67 90 91 
72 202 
201 94 
75 174 
80 155 119 
107 196 
109 195 120 
111 121 
112 118 
114 117 
115 125 
116 122 
123 
124 
113 
89 
128 
