64 63 144 88 186 
148 147 42 58 59 
197 149 131 140 130 
142 189 188 141 187 
44 192 190 191 135 
98 106 105 104 101 
99 103 102 100 53 
51 52 54 87 86 
136 5 6 7 84 
151 137 83 82 81 
66 47 50 49 48 
133 134 132 4 150 
45 71 76 85 175 
156 182 183 163 57 
162 41 40 24 23 
184 185 43 176 143 
18 22 21 28 39 
14 19 32 38 37 
15 17 16 29 36 
20 33 35 170 172 
25 34 31 30 27 
26 169 171 179 181 
62 61 168 167 164 
152 180 154 166 165 
153 158 161 160 159 
157 10 198 
173 200 199 79 77 
69 70 68 60 108 
46 13 12 78 96 
56 178 177 55 67 
65 9 146 94 
95 97 2 92 3 
11 139 145 93 
129 174 
203 205 204 201 202 
8 127 194 193 
72 
138 89 91 
73 74 128 
75 
80 155 119 
107 196 195 120 
109 116 121 
110 117 118 
111 114 113 
112 115 
122 126 
123 
124 
125 
90 
